0.9984 0.0009 0.3650 0.0084 200.0000 0.0100 100.0000 150.0000 10000.0000 7.0000 
0.9984 0.0008 0.3784 0.0132 200.0000 0.0100 100.0000 200.0000 10000.0000 7.0000 
0.9972 0.0013 0.3686 0.0102 200.0000 0.0100 100.0000 300.0000 10000.0000 7.0000 
0.9983 0.0006 0.3802 0.0122 200.0000 0.0100 150.0000 150.0000 10000.0000 7.0000 
0.9991 0.0005 0.3780 0.0167 200.0000 0.0100 150.0000 200.0000 10000.0000 7.0000 
0.9989 0.0007 0.3721 0.0252 200.0000 0.0100 150.0000 300.0000 10000.0000 7.0000 
0.9998 0.0000 0.3779 0.0181 200.0000 0.0200 100.0000 150.0000 10000.0000 7.0000 
0.9998 0.0000 0.3886 0.0174 200.0000 0.0200 100.0000 200.0000 10000.0000 7.0000 
0.9998 0.0000 0.3977 0.0061 200.0000 0.0200 100.0000 300.0000 10000.0000 7.0000 
0.9998 0.0000 0.3840 0.0134 200.0000 0.0200 150.0000 150.0000 10000.0000 7.0000 
0.9998 0.0000 0.3856 0.0116 200.0000 0.0200 150.0000 200.0000 10000.0000 7.0000 
0.9998 0.0000 0.3996 0.0158 200.0000 0.0200 150.0000 300.0000 10000.0000 7.0000 
0.9998 0.0000 0.4059 0.0066 200.0000 0.0500 100.0000 150.0000 10000.0000 7.0000 
0.9998 0.0000 0.4166 0.0143 200.0000 0.0500 100.0000 200.0000 10000.0000 7.0000 
0.9998 0.0000 0.4028 0.0098 200.0000 0.0500 100.0000 300.0000 10000.0000 7.0000 
0.9998 0.0000 0.4085 0.0107 200.0000 0.0500 150.0000 150.0000 10000.0000 7.0000 
0.9998 0.0000 0.4031 0.0074 200.0000 0.0500 150.0000 200.0000 10000.0000 7.0000 
0.9998 0.0000 0.4088 0.0092 200.0000 0.0500 150.0000 300.0000 10000.0000 7.0000 
0.9996 0.0002 0.3884 0.0100 300.0000 0.0100 100.0000 150.0000 10000.0000 7.0000 
0.9997 0.0001 0.3812 0.0084 300.0000 0.0100 100.0000 200.0000 10000.0000 7.0000 
0.9998 0.0000 0.3941 0.0101 300.0000 0.0100 100.0000 300.0000 10000.0000 7.0000 
0.9995 0.0000 0.3784 0.0132 300.0000 0.0100 150.0000 150.0000 10000.0000 7.0000 
0.9995 0.0001 0.3663 0.0113 300.0000 0.0100 150.0000 200.0000 10000.0000 7.0000 
0.9997 0.0001 0.3878 0.0066 300.0000 0.0100 150.0000 300.0000 10000.0000 7.0000 
0.9998 0.0000 0.4010 0.0130 300.0000 0.0200 100.0000 150.0000 10000.0000 7.0000 
0.9998 0.0000 0.4034 0.0123 300.0000 0.0200 100.0000 200.0000 10000.0000 7.0000 
0.9998 0.0000 0.4022 0.0061 300.0000 0.0200 100.0000 300.0000 10000.0000 7.0000 
0.9998 0.0000 0.3988 0.0169 300.0000 0.0200 150.0000 150.0000 10000.0000 7.0000 
0.9998 0.0000 0.4013 0.0118 300.0000 0.0200 150.0000 200.0000 10000.0000 7.0000 
0.9998 0.0000 0.3997 0.0098 300.0000 0.0200 150.0000 300.0000 10000.0000 7.0000 
0.9998 0.0000 0.4260 0.0092 300.0000 0.0500 100.0000 150.0000 10000.0000 7.0000 
0.9998 0.0000 0.4246 0.0110 300.0000 0.0500 100.0000 200.0000 10000.0000 7.0000 
0.9998 0.0000 0.4251 0.0031 300.0000 0.0500 100.0000 300.0000 10000.0000 7.0000 
0.9998 0.0000 0.4284 0.0044 300.0000 0.0500 150.0000 150.0000 10000.0000 7.0000 
0.9998 0.0000 0.4192 0.0155 300.0000 0.0500 150.0000 200.0000 10000.0000 7.0000 
0.9998 0.0000 0.4229 0.0108 300.0000 0.0500 150.0000 300.0000 10000.0000 7.0000 
0.9998 0.0000 0.3859 0.0090 350.0000 0.0100 100.0000 150.0000 10000.0000 7.0000 
0.9998 0.0000 0.3824 0.0050 350.0000 0.0100 100.0000 200.0000 10000.0000 7.0000 
0.9998 0.0000 0.3859 0.0174 350.0000 0.0100 100.0000 300.0000 10000.0000 7.0000 
0.9998 0.0000 0.3862 0.0104 350.0000 0.0100 150.0000 150.0000 10000.0000 7.0000 
0.9998 0.0000 0.3827 0.0075 350.0000 0.0100 150.0000 200.0000 10000.0000 7.0000 
0.9998 0.0000 0.3897 0.0077 350.0000 0.0100 150.0000 300.0000 10000.0000 7.0000 
0.9998 0.0000 0.4094 0.0086 350.0000 0.0200 100.0000 150.0000 10000.0000 7.0000 
0.9998 0.0000 0.4047 0.0235 350.0000 0.0200 100.0000 200.0000 10000.0000 7.0000 
0.9998 0.0000 0.4183 0.0134 350.0000 0.0200 100.0000 300.0000 10000.0000 7.0000 
0.9998 0.0000 0.4101 0.0104 350.0000 0.0200 150.0000 150.0000 10000.0000 7.0000 
0.9998 0.0000 0.4117 0.0159 350.0000 0.0200 150.0000 200.0000 10000.0000 7.0000 
0.9998 0.0000 0.4095 0.0115 350.0000 0.0200 150.0000 300.0000 10000.0000 7.0000 
0.9998 0.0000 0.4283 0.0048 350.0000 0.0500 100.0000 150.0000 10000.0000 7.0000 
0.9998 0.0000 0.4270 0.0081 350.0000 0.0500 100.0000 200.0000 10000.0000 7.0000 
0.9998 0.0000 0.4390 0.0083 350.0000 0.0500 100.0000 300.0000 10000.0000 7.0000 
0.9998 0.0000 0.4279 0.0073 350.0000 0.0500 150.0000 150.0000 10000.0000 7.0000 
0.9998 0.0000 0.4312 0.0091 350.0000 0.0500 150.0000 200.0000 10000.0000 7.0000 
0.9998 0.0000 0.4405 0.0089 350.0000 0.0500 150.0000 300.0000 10000.0000 7.0000 
