1.0000 0.0000 0.5314 0.0271 200.0000 0.0100 0.5000 10.0000 10000.0000 5.0000 
1.0000 0.0000 0.5298 0.0161 200.0000 0.0100 0.5000 10.0000 10000.0000 5.0000 
1.0000 0.0000 0.5266 0.0123 200.0000 0.0100 0.5000 10.0000 10000.0000 5.0000 
1.0000 0.0000 0.5202 0.0153 200.0000 0.0100 0.5000 10.0000 10000.0000 5.0000 
1.0000 0.0000 0.5452 0.0232 200.0000 0.0100 0.5000 20.0000 10000.0000 5.0000 
1.0000 0.0000 0.5154 0.0226 200.0000 0.0100 0.2000 10.0000 10000.0000 5.0000 
1.0000 0.0000 0.5569 0.0161 200.0000 0.0100 0.2000 20.0000 10000.0000 5.0000 
1.0000 0.0000 0.5324 0.0198 200.0000 0.0050 0.5000 10.0000 10000.0000 5.0000 
1.0000 0.0000 0.5346 0.0123 200.0000 0.0050 0.5000 20.0000 10000.0000 5.0000 
1.0000 0.0000 0.5298 0.0186 200.0000 0.0050 0.2000 10.0000 10000.0000 5.0000 
1.0000 0.0000 0.5261 0.0093 200.0000 0.0050 0.2000 20.0000 10000.0000 5.0000 
1.0000 0.0000 0.5617 0.0222 400.0000 0.0100 0.5000 10.0000 10000.0000 5.0000 
1.0000 0.0000 0.5665 0.0195 400.0000 0.0100 0.5000 20.0000 10000.0000 5.0000 
1.0000 0.0000 0.5644 0.0154 400.0000 0.0100 0.2000 10.0000 10000.0000 5.0000 
1.0000 0.0000 0.5899 0.0071 400.0000 0.0100 0.2000 20.0000 10000.0000 5.0000 
1.0000 0.0000 0.5718 0.0100 400.0000 0.0050 0.5000 10.0000 10000.0000 5.0000 
1.0000 0.0000 0.5532 0.0075 400.0000 0.0050 0.5000 20.0000 10000.0000 5.0000 
1.0000 0.0000 0.5702 0.0112 400.0000 0.0050 0.2000 10.0000 10000.0000 5.0000 
1.0000 0.0000 0.5718 0.0128 400.0000 0.0050 0.2000 20.0000 10000.0000 5.0000 
